             -310997              -310998              -311000              -311001              -311000              -311003              -311002              -311004              -311005              -311004              -311004              -311001              -311001              -311000              -311004              -311006              -311001              -311001              -311004              -311005 
             -310997              -310998              -311000              -311001              -311000              -311003              -311002              -311004              -311005              -311004              -311004              -311001              -311001              -311000              -311004              -311006              -311001              -311001              -311004              -311005 
             -310995              -310996              -310998              -310999              -310998              -311001              -311000              -311002              -311003              -311002              -311002              -310999              -310999              -310998              -311002              -311004              -310999              -310999              -311002              -311003 
             -310994              -310995              -310997              -310998              -310997              -311000              -310999              -311001              -311002              -311001              -311001              -310998              -310998              -310997              -311001              -311003              -310998              -310998              -311001              -311002 
             -310998              -310999              -311001              -311002              -311001              -311004              -311003              -311005              -311006              -311005              -311005              -311002              -311002              -311001              -311005              -311007              -311002              -311002              -311005              -311006 
             -310998              -310999              -311001              -311002              -311001              -311004              -311003              -311005              -311006              -311005              -311005              -311002              -311002              -311001              -311005              -311007              -311002              -311002              -311005              -311006 
             -310998              -310999              -311001              -311002              -311001              -311004              -311003              -311005              -311006              -311005              -311005              -311002              -311002              -311001              -311005              -311007              -311002              -311002              -311005              -311006 
             -311000              -311001              -311003              -311004              -311003              -311006              -311005              -311007              -311008              -311007              -311007              -311004              -311004              -311003              -311007              -311009              -311004              -311004              -311007              -311008 
             -311002              -311003              -311005              -311006              -311005              -311008              -311007              -311009              -311010              -311009              -311009              -311006              -311006              -311005              -311009              -311011              -311006              -311006              -311009              -311010 
             -310995              -310996              -310998              -310999              -310998              -311001              -311000              -311002              -311003              -311002              -311002              -310999              -310999              -310998              -311002              -311004              -310999              -310999              -311002              -311003 
             -311000              -311001              -311003              -311004              -311003              -311006              -311005              -311007              -311008              -311007              -311007              -311004              -311004              -311003              -311007              -311009              -311004              -311004              -311007              -311008 
             -311001              -311002              -311004              -311005              -311004              -311007              -311006              -311008              -311009              -311008              -311008              -311005              -311005              -311004              -311008              -311010              -311005              -311005              -311008              -311009 
             -310999              -311000              -311002              -311003              -311002              -311005              -311004              -311006              -311007              -311006              -311006              -311003              -311003              -311002              -311006              -311008              -311003              -311003              -311006              -311007 
             -310999              -311000              -311002              -311003              -311002              -311005              -311004              -311006              -311007              -311006              -311006              -311003              -311003              -311002              -311006              -311008              -311003              -311003              -311006              -311007 
             -311001              -311002              -311004              -311005              -311004              -311007              -311006              -311008              -311009              -311008              -311008              -311005              -311005              -311004              -311008              -311010              -311005              -311005              -311008              -311009 
             -311002              -311003              -311005              -311006              -311005              -311008              -311007              -311009              -311010              -311009              -311009              -311006              -311006              -311005              -311009              -311011              -311006              -311006              -311009              -311010 
             -310997              -310998              -311000              -311001              -311000              -311003              -311002              -311004              -311005              -311004              -311004              -311001              -311001              -311000              -311004              -311006              -311001              -311001              -311004              -311005 
             -311001              -311002              -311004              -311005              -311004              -311007              -311006              -311008              -311009              -311008              -311008              -311005              -311005              -311004              -311008              -311010              -311005              -311005              -311008              -311009 
             -310995              -310996              -310998              -310999              -310998              -311001              -311000              -311002              -311003              -311002              -311002              -310999              -310999              -310998              -311002              -311004              -310999              -310999              -311002              -311003 
             -311000              -311001              -311003              -311004              -311003              -311006              -311005              -311007              -311008              -311007              -311007              -311004              -311004              -311003              -311007              -311009              -311004              -311004              -311007              -311008 
graph has negative cycle at 1
